%YAML:1.0
calibration_time: "05/30/16 15:12:13"
nframes: 11
image_width: 846
image_height: 677
board_width: 10
board_height: 10
square_size: 8.9999996125698090e-003
flags: 0
camera_matrix: !!opencv-matrix
   rows: 3
   cols: 3
   dt: d
   data: [ 1.1068029907826517e+003, 0., 4.1438533025739048e+002, 0.,
       1.1053238456255583e+003, 3.2652645712601225e+002, 0., 0., 1. ]
distortion_coefficients: !!opencv-matrix
   rows: 5
   cols: 1
   dt: d
   data: [ -2.2419506735158481e-001, -8.3880265862197989e-002,
       -1.6139352015197902e-003, -1.9751202417412657e-004,
       2.2204634835051205e+000 ]
avg_reprojection_error: 3.1862092001083547e-001
per_view_reprojection_errors: !!opencv-matrix
   rows: 11
   cols: 1
   dt: f
   data: [ 1.34020790e-001, 1.36008978e-001, 1.01904176e-001,
       1.14421330e-001, 1.11115143e-001, 1.33024976e-001,
       2.32682928e-001, 9.59468782e-001, 1.35441333e-001,
       1.27735659e-001, 1.31722435e-001 ]
# a set of 6-tuples (rotation vector + translation vector) for each view
extrinsic_parameters: !!opencv-matrix
   rows: 11
   cols: 6
   dt: d
   data: [ -6.9882259622879792e-002, -1.7544222703410672e-002,
       1.4711564935606269e-001, -2.6321592435556401e-002,
       -5.0075817584761297e-002, 3.4132479610548883e-001,
       -6.4447596509307190e-002, 8.2305970657972245e-003,
       1.5457355042374699e-001, -3.8471443213499296e-003,
       -5.1291451170376423e-002, 3.3782631343122227e-001,
       -2.4923633655743360e-001, -1.1123182697041108e-002,
       1.4257774704656161e+000, 7.1085417148561564e-002,
       -3.8619063269357365e-002, 3.8012072679947800e-001,
       -1.6650048274800450e-001, -1.3127465679174982e-001,
       -1.0437618561927975e-001, 2.7137059770199940e-002,
       -1.9490977623914791e-002, 3.6220619301534529e-001,
       7.3362794575495535e-002, -3.0920192889581560e-001,
       5.8855571357245534e-002, -3.9412445015463274e-002,
       -2.8391424547527511e-002, 3.5650420201674615e-001,
       1.2607108145519944e-001, -3.6159095484851922e-001,
       4.8365213193227528e-002, -5.5301739954266266e-002,
       -2.5507963537431830e-002, 3.4347693161617043e-001,
       2.4295432659730451e-001, 1.4484251640275900e-001,
       1.4040000520859854e+000, 2.5545423169458785e-002,
       -4.0638846039192995e-002, 3.0095301169579863e-001,
       3.6687487969249749e-001, 8.2069431964994943e-002,
       1.0733698069972821e+000, -1.1677613095650623e-002,
       -4.4474508634335455e-002, 2.5381225494184456e-001,
       1.1548038608156667e-002, -5.0179908436686793e-001,
       1.3894322021905607e+000, 3.7939849580850588e-002,
       -4.8178362528971730e-002, 3.9344689488804807e-001,
       -9.8078825706490059e-003, -4.3319075280912228e-001,
       1.4018401305435859e+000, 5.8822866462160658e-002,
       -1.2489742073429164e-002, 3.9635002400247077e-001,
       -2.1165508076203914e-002, -4.6788181404662027e-001,
       1.4352202220863584e+000, 4.1598227973202610e-002,
       -6.0210984694225771e-003, 3.7927427734437985e-001 ]
